image: 128 x 128 x 1
repeats: 1000
gray: 1
level: 16
taux: 0.166667
taul: 0.500000
sigmay: 0.052632
sigmap: 1.000000
lambda: 1000.000000
nu: 0.010000
GPU Memory: 2146762752 - 1380507648 = 0.766255 GB
time: 10.745800 s
