image: 127 x 127
repeats: 1000
gray: 1
level: 16
taux: 0.288675
sigmap: 0.288675
lambda: 0.110000
nu: 0.010000
GPU Memory: 2146762752 - 830226432 = 1.316536 GB
time: 4645.008301 s
