image: 640 x 480 x 3
repeats: 2
gray: 0
level: 3
taux: 0.166667
taul: 0.500000
sigmay: 0.166667
sigmap: 1.000000
lambda: 10.000000
nu: 10.000000
GPU Memory: 2146762752 - 1181900800 = 0.964862 GB
time: 0.066756 s
