image: 128 x 128
repeats: 1000
gray: 1
level: 16
taux: 0.288675
sigmap: 0.288675
lambda: 0.110000
nu: 0.010000
GPU Memory: 2146762752 - 737165312 = 1.409597 GB
time: 4504.871582 s
